,roi,x,y
0,0,181.64079822616407,241.32857142857145
1,0,175.96452328159646,348.3
2,0,68.11529933481152,342.81428571428575
3,0,72.37250554323725,235.84285714285716
4,1,234.14634146341461,375.72857142857146
5,1,337.73835920177385,375.72857142857146
6,1,343.4146341463414,276.9857142857143
7,1,236.98447893569843,270.12857142857143
8,2,508.02660753880264,253.67142857142858
9,2,502.350332594235,363.3857142857143
10,2,385.9866962305987,359.2714285714286
11,2,395.92017738359203,250.92857142857144
12,3,509.44567627494456,238.5857142857143
13,3,615.8758314855876,239.95714285714286
14,3,611.6186252771619,327.72857142857146
15,3,509.44567627494456,330.4714285714286
16,4,43.991130820399114,208.4142857142857
17,4,168.86917960088692,219.3857142857143
18,4,171.7073170731707,122.01428571428572
19,4,56.76274944567627,115.15714285714286
20,4,55.34368070953437,113.78571428571429
21,5,208.6031042128603,202.92857142857144
22,5,315.0332594235033,208.4142857142857
23,5,317.87139689578714,87.72857142857143
24,5,214.27937915742794,84.9857142857143
25,6,357.6053215077605,209.7857142857143
26,6,473.96895787139687,211.15714285714287
27,6,476.8070953436807,97.32857142857144
28,6,360.44345898004434,93.21428571428572
29,7,509.44567627494456,193.32857142857145
30,7,620.1330376940133,193.32857142857145
31,7,620.1330376940133,80.87142857142858
32,7,512.2838137472284,79.5
