,roi,x,y
0,0,62.4390243902439,379.84285714285716
1,0,170.28824833702882,389.4428571428572
2,0,180.22172949002217,230.35714285714286
3,0,75.21064301552106,224.8714285714286
4,1,218.53658536585365,393.5571428571429
5,1,339.1574279379157,401.78571428571433
6,1,340.57649667405764,274.24285714285713
7,1,228.470066518847,268.75714285714287
8,2,374.6341463414634,379.84285714285716
9,2,498.0931263858093,383.95714285714286
10,2,499.5121951219512,255.04285714285714
11,2,380.31042128603104,255.04285714285714
12,3,508.02660753880264,248.1857142857143
13,3,615.8758314855876,249.55714285714288
14,3,614.4567627494456,368.87142857142857
15,3,503.7694013303769,362.01428571428573
16,4,53.92461197339246,220.75714285714287
17,4,163.19290465631929,226.24285714285716
18,4,167.450110864745,116.52857142857144
19,4,52.50554323725055,112.41428571428573
20,5,211.44124168514412,207.04285714285714
21,5,320.70953436807093,213.9
22,5,322.12860310421286,90.47142857142858
23,5,208.6031042128603,90.47142857142858
24,6,357.6053215077605,223.5
25,6,469.71175166297115,226.24285714285716
26,6,469.71175166297115,102.81428571428572
27,6,357.6053215077605,98.7
28,7,508.02660753880264,212.52857142857144
29,7,613.0376940133037,212.52857142857144
30,7,614.4567627494456,84.9857142857143
31,7,510.8647450110865,84.9857142857143
